10001
22222
55555
45645
78995
54654
65464
77777
88888
99999
10001
22222
55555
45645
78995
54654
65464
77777
99999
10001
22222
55555
45645
78995
54654
65464
77777
99999
10001
22222
55555
45645
78995
54654
65464
77777
99999
10001
22222
55555
45645
78995
54654
65464
77777
88888
99999
10001
22222
55555
45645
78995
54654
65464
77777
88888
99999
10001
22222
55555
45645
78995
54654
65464
77777
88888
99999
10001
22222
55555
45645
78995
54654
65464
77777
88888
99999
88888
99999
10001
22222
55555
45645
78995
54654
65464
77777
88888
99999
10001
22222
55555
45645
78995
54654
65464
77777
88888
99999
10001
22222
55555
45645
78995
54654
65464
77777
88888
99999
88888
99999
10001
22222
55555
45645
78995
54654
65464
77777
88888
99999
10001
22222
55555
45645
78995
54654
65464
77777
88888
99999
10001
22222
55555
45645
78995
54654
65464
77777
88888
99999
88888
99999
10001
22222
55555
45645
78995
54654
65464
77777
88888
99999
10001
22222
55555
45645
78995
54654
65464
77777
88888
99999
10001
22222
55555
45645
78995
54654
65464
77777
88888
99999
99999
10001
22222
55555
45645
78995
54654
65464
77777
88888
99999
10001
22222
55555
45645
78995
54654
65464
77777
88888
99999
10001
22222
55555
45645
78995
54654
65464
77777
88888
99999
10001
22222
55555
45645
78995
54654
65464
77777
88888
99999
10001
22222
55555
45645
78995
54654
65464
77777
88888
99999
10001
22222
55555
45645
78995
54654
65464
77777
88888
99999
10001
22222
55555
45645
78995
54654
65464
77777
88888
99999
10001
22222
55555
45645
78995
54654
65464
77777
88888
99999
10001
22222
55555
45645
78995
54654
65464
77777
88888
99999